24
23,24
22,23,24
21,22,23,24
20,21,22,23,24
19,20,21,22,23,24
18,19,20,21,22,23,24
17,18,19,20,21,22,23,24
16,17,18,19,20,21,22,23,24
15,16,17,18,19,20,21,22,23,24
14,15,16,17,18,19,20,21,22,23,24
13,14,15,16,17,18,19,20,21,22,23,24
12,13,14,15,16,17,18,19,20,21,22,23,24
11,12,13,14,15,16,17,18,19,20,21,22,23,24
10,11,12,13,14,15,16,17,18,19,20,21,22,23,24
9,10,11,12,13,14,15,16,17,18,19,20,21,22,23,24
8,9,10,11,12,13,14,15,16,17,18,19,20,21,22,23,24
7,8,9,10,11,12,13,14,15,16,17,18,19,20,21,22,23,24
6,7,8,9,10,11,12,13,14,15,16,17,18,19,20,21,22,23,24
5,6,7,8,9,10,11,12,13,14,15,16,17,18,19,20,21,22,23,24
4,5,6,7,8,9,10,11,12,13,14,15,16,17,18,19,20,21,22,23,24
3,4,5,6,7,8,9,10,11,12,13,14,15,16,17,18,19,20,21,22,23,24
2,3,4,5,6,7,8,9,10,11,12,13,14,15,16,17,18,19,20,21,22,23,24
1,2,3,4,5,6,7,8,9,10,11,12,13,14,15,16,17,18,19,20,21,22,23,24
0,1,2,3,4,5,6,7,8,9,10,11,12,13,14,15,16,17,18,19,20,21,22,23,24